data_fuite120mM_NHE1.fit.dat
	Li    = 120
	Theta = 4.47
	k7    = 0.00435235861638805 +/- 0.000122766709740757
data_fuite120mM_PS120.fit.dat
	Li    = 120
	Theta = 4.47
	k7    = 0.00261984751330383 +/- 0.000113328822576683
data_fuite15mM_NHE1.fit.dat
	Li    = 15
	Theta = 4.47
	k7    = 0.00907925371801935 +/- 0.00159126952598501
data_fuite15mM_PS120.fit.dat
	Li    = 15
	Theta = 4.47
	k7    = 0.00503795106746288 +/- 0.0010134530578491
